    x         y
    118879    887164
    118415    867117
    118274    902572
    117577    883724
    117036    884249
    116601    902518
    115972    868534
    114153    901865
    110019    876400
    103833    890086
    100107    900861
    119722    893967
    119921    862646
    120054    913685
    120600    913279
    120822    868826
    120926    906811
    120976    872533
    121652    855965
    121844    882231
    122428    905455
    122438    864549
    122855    890968
    123496    891178
    123550    904817
    123603    878926
    123610    862454
    123786    897070
    123982    876036
    124042    882951
    124108    891640
    124279    916328
    124497    874001
    124695    883268
    124955    903487
    125073    892936
    125099    882557
    126053    874483
    126152    863330
    126196    898864
    126528    896628
    126777    909562
    127065    871722
    127310    882999
    127350    895920
    127398    886607
    127729    896799
    127890    877590
    128015    868205
    128089    910711
    128282    877643
    128446    885700
    128488    868563
    128762    907128
    128834    867596
    128858    870199
    128976    884498
    129019    902031
    129036    889839
    129219    862393
    129451    886489
    129562    884794
    129643    874234
    129737    883826
    129787    866067
    129872    876679
    130328    882809
    130378    910269
    130440    873369
    130676    877824
    130714    871064
    130842    911558
    130922    891246
    130983    861531
    131088    879214
    131118    882688
    131228    868895
    131401    907677
    131419    873911
    131786    905886
    131817    896937
    131856    865293
    132398    862097
    132495    893493
    132599    875997
    132865    892346
    132915    875829
    132949    735112
    133131    743026
    133229    878251
    133355    737503
    133462    868554
    133462    731376
    133466    893343
    133481    903503
    133513    870576
    133606    895752
    133609    903553
    133672    886215
    133701    868820
    133741    734205
    133774    743896
    133798    882716
    133863    900952
    133898    735954
    133970    893400
    133999    874195
    134011    869824
    134078    860694
    134089    445576
    134143    732160
    134157    874408
    134163    734303
    134167    917110
    134201    890870
    134258    916162
    134299    885228
    134301    885559
    134433    877230
    134441    742315
    134455    876400
    134502    735387
    134528    876480
    134541    881641
    134632    734028
    134638    737388
    134646    886888
    134714    890524
    134733    874623
    134739    737879
    134753    737641
    134793    735822
    134863    733311
    134874    863108
    134896    896669
    134949    905679
    134972    900538
    134996    886100
    135010    735494
    135097    879261
    135107    734080
    135124    736848
    135164    903453
    135170    887981
    135265    739916
    135364    877991
    199145    792704
    199145    919751
    199146    777263
    199158    894319
    199206    770705
    199210    889044
    199256    893331
    199268    883278
    199273    792710
    199281    913713
    199283    904731
    199283    875227
    199292    900709
    199301    330891
    199306    897909
    199307    781558
    199315    816422
    199328    856234
    199332    799235
    199333    885352
    199337    870587
    199371    879735
    199375    871436
    199388    875134
    199393    822232
    199410    822696
    199425    887749
    199438    881267
    199466    894381
    199470    883669
    199511    882700
    199516    814646
    199518    787098
    199521    866152
    199538    887807
    199543    879414
    199545    874420
    199560    864511
    199579    880769
    199584    877010
    199596    878696
    199610    872750
    199613    779010
    199618    851924
    199623    782570
    199658    869574
    199687    885518
    199705    857424
    199707    851026
    199714    879880
    199717    821169
    199722    871418
    199725    848045
    199775    827169
    199780    833053
    199807    888515
    199830    792385
    199832    880715
    199841    852637
    199841    883588
    199855    811466
    199873    856833
    199876    878445
    199897    848724
    199905    866291
    199942    879606
    199955    885470
    199958    799051
    199972    888410
    199982    787705
    199987    862213
    199987    893979
    200006    895194
    200013    882767
    200022    870014
    200041    800105
    200054    802426
    200071    879831
    200078    885751
    200090    874380
    200093    875049
    200098    867512
    200107    922844
    200123    862695
    200124    796588
    200129    898172
    200129    872455
    200137    868215
    200140    889524
    200142    803198
    200146    872167
    200173    885818
    200189    883976
    200191    879991
    200209    851134
    200210    850540
    200212    847718
    200220    863467
    200252    863169
    200254    885026
    200255    886261
    200273    853795
    200288    843514
    200298    784833
    200302    882844
    200305    885925
    200309    870230
    200329    873028
    200360    843556
    200368    862915
    200368    881706
    200375    885195
    200377    790666
    200399    872871
    200410    876882
    200415    873009
    200417    869944
    200433    899206
    200435    887547
    200439    909065
    200442    864325
    200469    874512
    200496    883069
    200498    802236
    200500    854987
    200505    891079
    200510    876838
    200519    873099
    200520    875130
    200525    860744
    200525    866242
    200532    894390
    200534    852116
    200563    863916
    200566    887378
    200571    874679
    200604    756756
    200614    884185
    200616    870497
    200618    857437
    200619    789549
    200640    792969
    200659    864116
    200660    769969
    200667    885148
    200688    859784
    200705    851823
    200710    792176
    200738    859134
    200748    859756
    200754    871935
    200766    789258
    200768    875848
    200799    798747
    200816    871229
    200818    848839
    200839    863708
    200853    908797
    200864    891051
    200872    773287
    200876    895639
    200882    862790
    200891    877182
    200899    870561
    200933    779532
    200960    868620
    200962    880494
    200977    892737
    200978    776312
    200980    878423
    200988    892227
    201004    893054
    201005    893560
    201064    879827
    201064    886733
    201069    877568
    201105    873352
    201108    806628
    201170    786640
    201200    877317
    201205    877808
    201236    872000
    201261    885190
    201263    779783
    201286    873407
    201287    874154
    201303    789117
    201311    890680
    201320    882339
    201321    878294
    201348    791462
    201366    862437
    201376    872836
    201377    807915
    201378    787744
    201388    869102
    201389    890930
    201391    873666
    201404    815250
    201419    886113
    201432    800175
    201444    877232
    201463    844995
    201490    904363
    201514    889106
    201523    870953
    201558    788745
    201583    793838
    201596    876696
    201611    813514
    201621    806007
    201638    790182
    201655    859145
    201685    861051
    201687    776692
    201694    853665
    201694    901101
    201702    803606
    201733    866063
    201733    794630
    201750    885496
    201763    888885
    201765    783469
    201766    851429
    201778    871005
    201778    802953
    201782    887667
    201794    895975
    201806    850657
    201815    878255
    201821    859003
    201836    881254
    201842    895462
    201850    866266
    201856    856656
    201867    786647
    201867    845432
    201868    814093
    201887    873000
    201896    884873
    201907    793629
    201932    888024
    201961    882434
    201973    880820
    201976    821063
    201992    870753
    202000    789440
    202009    790084
    202012    877898
    202015    861203
    202019    888821
    202023    882754
    202056    873591
    202058    843246
    202064    789619
    202104    869347
    202105    861930
    202108    856083
    202144    880834
    202189    891820
    202221    889446
    202242    838469
    202255    873309
    202263    882391
    202269    860561
    202273    852503
    202275    897913
    202290    793520
    202310    895671
    202310    876818
    202320    870643
    202333    866331
    202336    787618
    202343    871345
    202353    867418
    202354    796839
    202383    867827
    202388    871809
    202412    883848
    202419    876003
    202435    877155
    202437    809072
    202453    837127
    202463    761977
    202467    870253
    202472    789737
    202473    876299
    202475    806751
    202483    867704
    202502    875115
    202505    870699
    202506    875937
    202511    820592
    202538    884488
    202543    819870
    202565    325509
    202590    863934
    202597    817765
    202623    787911
    202624    880247
    202628    846972
    202629    869243
    202644    801117
    202664    789794
    202669    769610
    202679    855986
    202680    861770
    202682    866545
    202684    886545
    202688    791955
    202688    786116
    202710    791824
    202718    880950
    202731    870635
    202737    875130
    202740    860273
    202741    885102
    202741    876301
    202759    780659
    202773    766817
    202779    882579
    202806    889651
    202809    822904
    202811    797276
    202817    791965
    202839    870242
    202847    812357
    202848    796107
    202850    786704
    202878    867980
    202885    879357
    202891    837941
    202894    899664
    202908    810654
    202918    834629
    202921    890036
    202925    875221
    202952    900314
    202964    863777
    202974    903063
    202975    864969
    202979    820411
    202998    795093
    203014    881613
    203030    816163
    203038    785554
    203042    884868
    203066    792241
    203078    862432
    203079    789301
    203081    800502
    203108    796004
    203119    809967
    203138    877949
    203156    878022
    203170    791446
    203176    900522
    203226    764254
    203227    873261
    203263    885398
    203265    884026
    203288    861253
    203296    786625
    203302    874221
    203304    782278
    203337    884878
    203343    803660
    203349    786489
    203380    874276
    203403    824453
    203452    872986
    203455    750929
    203459    808054
    203470    793836
    203483    905102
    203487    757727
    203516    847203
    203548    793123
    203551    846051
    203562    890397
    203569    869439
    203573    883770
    203587    791672
    203587    792286
    203605    804327
    203623    795961
    203627    886381
    203631    865491
    203636    791502
    203667    879317
    203668    880460
    203702    785517
    203702    881977
    203706    878026
    203710    908219
    203724    878567
    203743    809364
    203753    890267
    203763    875549
    203768    798802
    203834    784585
    203853    860222
    203855    870533
    203866    872490
    203905    874553
    203918    823179
    203923    799259
    203928    802553
    203941    780194
    203943    851448
    203950    802188
    203958    885967
    203970    867645
    203975    885160
    203989    813463
    203995    850691
    204056    898470
    204063    864474
    204064    864609
    204067    787030
    204067    784825
    204105    805764
    204110    890460
    204111    890673
    204114    850017
    204117    885470
    204127    890117
    204136    812632
    204140    775289
    204147    862141
    204149    817531
    204171    845476
    204173    870106
    204178    786810
    204188    871707
    204199    864350
    204215    855264
    204235    788173
    204253    805196
    204267    891081
    204303    820975
    204311    864431
    204318    865923
    204319    801632
    204324    888891
    204335    870208
    204337    869083
    204345    791183
    204346    787062
    204351    836828
    204377    746126
    204379    895794
    204385    783773
    204404    781948
    204409    820491
    204409    768514
    204419    900569
    204419    874978
    204430    859496
    204437    893472
    204437    811255
    204454    811166
    204458    781991
    204459    877593
    204468    842665
    204470    876044
    204482    818856
    204519    893023
    204538    771774
    204548    839373
    204616    869253
    204659    802124
    204667    805454
    204686    866171
    204708    867261
    204710    883173
    204713    858524
    204775    874695
    204777    869917
    204799    796802
    204804    779660
    204805    869368
    204808    813506
    204809    803398
    204811    770786
    204812    873421
    204817    854047
    204832    870540
    204833    862813
    204837    798393
    204862    787191
    204889    818964
    204890    855657
    204895    888671
    204899    788004
    204918    871923
    204948    904009
    204954    901181
    204968    806106
    204973    796614
    204979    878489
    205008    767264
    205025    875871
    205030    774432
    205041    841278
    205057    846766
    205066    915881
    205084    790873
    205104    788714
    205129    888281
    205140    891735
    205145    758699
    205150    885567
    205164    801210
    205180    865825
    205213    883207
    205219    879864
    205223    887773
    205238    880084
    205240    800820
    205247    838783
    205267    840678
    205301    841371
    205312    912178
    205316    881543
    205342    873474
    205373    834038
    205402    875632
    205424    884145
    205438    787328
    205449    787185
    205462    780007
    205480    896130
    205481    891594
    205510    891942
    205512    791362
    205513    888831
    205515    869407
    205527    885464
    205536    864465
    205547    854672
    205571    893735
    205575    785594
    205586    877646
    205593    882459
    205599    890775
    205606    801523
    205629    884793
    205629    870802
    205637    861551
    205644    877854
    205680    884429
    205692    867697
    205695    325273
    205709    846925
    205739    872925
    205753    805223
    205758    859524
    205786    905057
    205787    871521
    205803    790421
    205807    885486
    205823    787981
    205824    775054
    205835    869690
    205858    900018
    205864    802635
    205865    842151
    205875    876342
    205886    792268
    205932    859167
    205943    859133
    205972    872664
    205989    884364
    205990    781039
    205993    883180
    205993    870337
    206002    870539
    206006    863725
    206019    867073
    206040    880589
    206045    822664
    206061    797581
    206069    850399
    206099    863856
    206102    891971
    206137    863234
    206142    795949
    206163    866107
    206166    893792
    206173    534297
    206187    807183
    206217    860420
    206229    878126
    206261    883890
    206275    849858
    206289    852769
    206293    808355
    206329    888534
    206355    783692
    206369    781671
    206371    808745
    206379    885197
    206389    765833
    206402    797408
    206431    886091
    206431    788733
    206444    899172
    206450    805824
    206470    879522
    206473    769183
    206476    902760
    206476    797955
    206488    866582
    206496    797502
    206514    874697
    206523    797058
    206561    886743
    206562    877214
    206600    769947
    206619    790139
    206621    861108
    206678    882627
    206688    800341
    206733    805189
    206753    880749
    206766    809428
    206787    784900
    206806    902983
    206823    866555
    206839    872454
    206845    785445
    206845    872756
    206856    867146
    206893    780822
    206902    860527
    206903    785269
    206923    888592
    206941    876562
    206971    875131
    206999    809115
    206999    876980
    207037    881187
    207043    875588
    207059    796783
    207077    789294
    207098    882161
    207103    755820
    207104    757733
    916306    446629
    916318    466215
    916347    112615
    916403    487400
    916441    495914
    916489    146485
    916534    175521
    916576    902156
    916576    891941
    916578    141554
    916586    392136
    916591    283950
    916613    674091
    916628    500470
    916631    471396
    916690    499502
    916719    475696
    916726    458943
    916762    455732
    916799    455997
    916802    458270
    916812    141588
    916858    107776
    916871    875905
    916879    457595
    916879    592281
    916896    461839
    916897    418064
    916898    472830
    916902    160098
    916914    485930
    916922    466520
    916944    904607
    916964    152031
    916968    483564
    916968    467519
    916974    412476
    916989    413295
    916994    461486
    917002    468627
    917045    259018
    917091    466272
    917093    480523
    917102    486644
    917270    129532
    917276    449571
    917279    462094
    917303    455260
    917316    459541
    917316    454818
    917329    400418
    917334    478589
    917342    404018
    917351    397135
    917374    472747
    917386    487017
    917407    293878
    917469    702603
    917518    407413
    917551    474099
    917569    501513
    917686    422528
    917704     91927
    917719    459691
    917768    107614
    917776    129978
    917785    367335
    917816    404470
    917819    442948
    917860    429222
    917933    475308
    917944    402054
    917944    400783
    917964    473863
    917972    471297
    917987    158584
    917999    480653
    918032    476871
    918126    372495
    918129    404453
    918143    901177
    918155    472133
    918185    156987
    918204    484144
    918242    159393
    918249    452855
    918262    114348
    918276    435728
    918304    419728
    918337    474131
    918347    456220
    918350    490821
    918369    485082
    918388    476303
    918405    452946
    918410    408536
    918414    382275
    918423    482893
    918430    394290
    918441    469463
    918460    891142
    918463    491407
    918517    491891
    918521     97127
    918526    456207
    918585    616857
    918589    621674
    918604    448702
    918606    122540
    918607    465961
    918613    394921
    918617    423764
    918619    139153
    918671    384712
    918680    471197
    918695    477042
    918700    483565
    918737    470985
    918797    399405
    918809    122379
    918810    402737
    918824    451649
    918835    467359
    918850    481587
    918863    139195
    918882    113300
    918921    467359
    918961    654728
    918962    458331
    918970    471041
    919007    453284
    919021    408707
    919038    152179
    919043    425320
    919125    507310
    919134    149166
    919175    114905
    919182    274715
    919195    403229
    919210    457734
    919235    130007
    919295    399289
    919309    430952
    919333    479331
    919356    873634
    919364    850415
    919373    491757
    919378    415264
    919396    483749
    919426    367103
    919467    494477
    919468    120556
    919481    144647
    919482    869890
    919482    446972
    919487    428452
    919518    498714
    919543    462310
    919550    477226
    919601    470252
    919637    464700
    919654    126302
    919667    660504
    919681    459117
    919688    482532
    919706    471875
    919722    163871
    919733    472093
    919737    122266
    919749    462453
    919764    391936
    919805    490961
    919853    395371
    919856    426610
    919941    476679
    919949    388844
    919960    274730
    919973    441502
    919978    167362
    920029    428270
    920035    487235
    920038    158696
    920044    479518
    920048    462550
    920058    601541
    920061    456516
    920074    846984
    920103    468342
    920123    421021
    920142    416637
    920156    465720
    920185    119246
    920226    466710
    920250    457163
    920266    625925
    920280    155665
    920295    293348
    920304    419922
    920321    610849
    920375    694545
    920414    162396
    920422    172567
    920439    638409
    920463    147846
    920534    662329
    920556    136786
    920601    399015
    920610    377316
    920614    384769
    920617    461152
    920629    386874
    920633    450042
    920646    126564
    920651    490548
    920658    417134
    920660    616339
    920671    883984
    920688    408516
    920773    480555
    920784    410635
    920798    161679
    920801    471733
    920825    464160
    920848    445892
    920858    474250
    920894    607545
    920901    503666
    920927    651055
    920943    388517
    920946    383198
    920961    412802
    920970     93464
    920988    480219
    921088    104161
    921099    462961
    921112    407518
    921122    475796
    921145    432673
    921158    464906
    921203    170225
    921225    124801
    921226    498043
    921228    110139
    921233    280033
    921243    430613
    921262    138355
    921316    458751
    921320    486194
    921320    503655
    921321    473699
    921323    440517
    921351    604352
    921355    459441
    921402    428132
    921440    470649
    921441    162024
    921443    127286
    921455    637938
    921456    469120
    921503    623090
    921523    382406
    921530    451001
    921543    678971
    921564    417269
    921575    432853
    921579    388082
    921601    472152
    921624    130292
    921636    484880
    921668    397356
    921673    127670
    921676    479264
    921684    478907
    921684    429283
    921689    448497
    921781    476277
    921783    130623
    921869    483069
    921902    162774
    921914    480743
    921918    454184
    921936    643748
    921938    483463
    921963    380120
    921986    475438
    921995    484363
    922046    455394
    922083    484672
    922083    470946
    922084    462439
    922115    475421
    922117    483015
    922124    388666
    922127    478116
    922270    140059
    922401    455810
    922469    123198
    922529    472173
    922532    135148
    922567    473648
    922577    475830
    922624    410165
    922625    136805
    922633    474622
    922649    465335
    922693    117558
    922701    462721
    922743    398266
    922786    371782
    922813    462089
    922842    390081
    922875    121011
    922895    150135
    922962    667321
    922964    670527
    922968    501176
    923003    125446
    923056    123182
    923059     99446
    923107    114277
    923155    470346
    923164    614505
    923231    420606
    923265    633690
    923283    171532
    923291    468545
    923300    468957
    923305    128262
    923369    462897
    923395    140405
    923427    131994
    923454    436393
    923454    477827
    923487    472009
    923555     93733
    923576    682117
    923635    477068
    923645    432073
    923694    457303
    923695    470212
    923698    463965
    923716    113325
    923748    464448
    923762    349633
    923805    480436
    923808    913341
    923822    174728
    923831    385849
    923845    145672
    923924    490040
    923934    680911
    923965    368338
    923976    399140
    923979    613577
    923984    430600
    923988    434576
    923989    457055
    923992    368505
    923995    425062
    924055    876673
    924066     99854
    924082    470522
    924098    432417
    924117    472603
    924118    469715
    924134    360090
    924159    396866
    924183    466767
    924253    451166
    924296    884738
    924296    410858
    924304    465586
    924343    473744
    924346    465668
    924395    119111
    924410    417796
    924429    390818
    924483    120430
    924573    479425
    924631    436236
    924655    422481
    924702    137460
    924719    468894
    924734    142880
    924821    116047
    924835    473264
    924863    450702
    924877     94083
    924896    120432
    924912    450997
    924920    389724
    924946     93218
    924953    394083
    924971    444300
    924974    444793
    924992    424921
    924999    483458
    925009    406548
    925075    399982
    925181    496320
    925235    455377
    925263    125962
    925287    423537
    925302    452117
    925319    470511
    925330    385491
    925519    401561
    925528    480666
    925535    635290
    925537    144582
    925584    395160
    925587    493217
    925707    476888
    925762    464032
    925776    461368
    925791    413970
    925797    488721
    925803    484179
    925807    263535
    925837    409086
    925848    483266
    925853    383274
    925868    649224
    925910    459221
    925926    452217
    925941    127375
    925955     93987
    925988    141385
    926012    501478
    926027    457880
    926178    465534
    926254    628448
    926295    478478
    926395    465095
    926400    135689
    926411    451799
    926433    478854
    926441    448205
    926448    481209
    926453    448402
    926538    464682
    926583    473484
    926588    471260
    926657    125181
    926721    451965
    926751    451495
    926858    480822
    926901    461857
    926909    416457
    926970    421895
    926983     96739
    927011    487025
    927013    387253
    927018    473730
    927044    476577
    927060    488504
    927093    469813
    927177    583908
    927309    434213
    927331    643382
    927355    467132
    927406    134027
    927445    474445
    927445    473522
    927471    409014
    927515    492146
    927614    458281
    927652    456283
    927688    160264
    927698    417292
    927719    128521
    927743    656739
    927748    495116
    927756    467623
    927803    461584
    927840    376162
    927995    488125
    928035    392226
    928076    105569
    928101    380940
    928188    474710
    928231    176563
    928267    169329
    928270    460606
    928280    440693
    928296    151953
    928395    490532
    928438    110766
    928463    464741
    928594    125843
    928607    416919
    928670    482914
    928731    461815
    928756    396466
    928771    406336
    928787    477401
    928798    395962
    928842    100481
    928874    473285
    928922    460775
    928926    395348
    928930    395955
    928935    488433
    928937    478163
    928939    166728
    928996    422554
    929000    471526
    929003    139031
    929062    482307
    929076    484708
    929097    469641
    929105    394670
    929108    446741
    929171    160227
    929176    468584
    929234    626367
    929350    679251
    929361    404530
    929459    461348
    929470    477738
    929484    448955
    929510    421215
    929528    292264
    929565    452464
    929567    266430
    929610    380637
    929618    474483
    929618    467620
    929745    468047
    929748    499314
    929748    484288
    929862    456653
    929899    677709
    929990    407980
    930032    377395
    930085    386947
    930104    472157
    930155    474986
    930206    665755
    930233    630373
    930310    127577
    930318    469353
    930376    388837
    930399    637488
    930427    493849
    930464    466874
    930499    502385
    930569     82335
    930676    480841
    930725    157892
    930761    394199
    930797    125385
    930844    473678
    930891    415773
    930902    457054
    930953    444324
    930979    469817
    931090    401286
    931099    383621
    931133    159807
    931175    887707
    931181    474539
    931184    462741
    931237    641552
    931324    123040
    931366    384029
    931649    474674
    931653    488955
    931675    395628
    931922    460325
    932030    483928
    932091    606792
    932124    394921
    932178    392151
    932245    148748
    932401    414351
    932483    460658
    932538    446657
    932555    389910
    932646    462824
    932699    497509
    932769    401391
    932794    464658
    932848    493241
    933231    476992
    933238    124984
    933251    390440
    933539    392952
    933563    403094
    933572    417837
    933580    464786
    933584    131171
    933610    474312
    933621    499333
    933625    475218
    933673    390375
    933804    644488
    933805    463346
    933817    449892
    933832    414466
    933916    678438
    933964    121932
    934005    458521
    934116    652178
    934153    615848
    934166    425463
    934296    461188
    934353    395252
    934391    479068
    934427    425770
    934428    468211
    934444    444619
    934449    488418
    934497    402426
    934560    465814
    934582    476007
    934695    457828
    934728    455416
    934738    136403
    934759    464398
    934958    122080
    934962    482282
    934994    412035
    935114    453364
    935166    464677
    935239    397623
    935381    664741
    935452    473319
    935491    470862
    935510    486650
    935537    481231
    935543    498409
    935610    400181
    935662    483758
    935679    129019
    935854    414374
    935928    431575
    936021    471170
    936072    403980
    936113    118711
    936127    617243
    936213    476350
    936262    474406
    936341    446185
    936468    465462
    936473    643151
    936475    466757
    936566    431781
    936648    401698
    936667    457807
    936734    426071
    936881    644602
    936881    477208
    936915    477218
    936991    600326
    937200    144345
    937258    455473
    937383    390483
    937760    112991
    937775    391016
    937781    433378
    938084    457573
    938126    107411
    938127    398349
    938173    467554
    938199    352512
    938730    400547
    938745    412465
    938842    115542
    939103    115371
    939266    405089
    939303    481281
    939309    116410
    939403    481345
    939457    653192
    939704    652416
    939734    476279
    939940    505196
    939945    392309
    939952    140173
    940062    411439
    940170    173392
    940292    394449
    940302    406758
    940446    409002
    940474    464524
    940639    127553
    940885    113066
    941194     74332
    941485    177345
    941543    443164
    941553    472068
    941569    504813
    941966    423639
    942099    465093
    942227    613918
    942318    667751
    942817    384811
    943036    114932
    943254    460169
    943628    462523
    944073    111415
    944111    410239
    944187    111856
    944227    388396
    944585    416765
    944664    410884
    944779    664423
    945053    428802
    945201    458456
    945216    387004
    945257    484830
    945269    470108
    945712    446454
    945778    103876
    945901    642406
    945905    459786
    946192    886906
    946252    428453
    946264    639045
    946589    457533
    946960    482944
    946993    675058
    947099    144790
    947343    459674
    947394    398423
    948180    480100
    948318    468750
    948355    157550
    948745    481405
    948793    696827
    949157    381518
    949359    481837
    949437    493244
    949574    381547
    950124    451642
    950622    395947
    950815    645355
    951139    473256
    951840    482624
    952889    374533
    953317    486776
    953987    431293
    954080    122210
    955267    493395
    955343    391503
    955938    380512
    957832    617334
    959638    405840
    959792    160861
    960162    637092
    963496    412541
    971700    389171
    984639    384486
    207110    866293
    207123    792118
    207139    894707
    207163    885235
    207167    765658
    207195    864230
    207249    874982
    207249    850438
    207281    847256
    207290    886348
    207309    776903
    207313    785880
    207330    758314
    207347    793994
    207351    891914
    207351    868933
    207361    793908
    207383    819175
    207393    873491
    207435    838197
    207466    795872
    207470    809033
    207483    848575
    207505    882158
    207507    871192
    207516    787016
    207535    806717
    207557    779932
    207575    782989
    207578    330535
    207593    882276
    207595    779119
    207625    790719
    207637    784173
    207655    863584
    207729    880247
    207736    882338
    207744    853246
    207751    771948
    207753    791101
    207763    807210
    207767    771845
    207773    879236
    207778    865022
    207801    883242
    207806    862764
    207822    817485
    207827    800078
    207829    871734
    207887    869864
    207889    836793
    207889    897601
    207891    851536
    207893    788946
    207895    809105
    207902    888605
    207916    785261
    207916    883766
    207931    875405
    207940    895251
    207951    873453
    207952    783001
    207963    772984
    208013    813731
    208014    310689
    208031    854118
    208046    897207
    208050    791596
    208056    486547
    208060    781781
    208087    806713
    208094    761636
    208103    854821
    208121    888335
    208125    863067
    208134    804951
    208136    761197
    208139    885173
    208166    844032
    208167    902015
    208178    876355
    208189    880127
    208192    794571
    208193    799843
    208205    903397
    208245    884072
    208290    844976
    208297    850292
    208385    865771
    208390    787246
    208401    905721
    208418    792670
    208439    864630
    208470    803812
    208475    772743
    208491    896356
    208496    790497
    208497    875099
    208501    793566
    208507    905728
    208514    881428
    208521    882779
    208524    839917
    208532    879319
    208543    885953
    208547    800043
    208550    807931
    208569    783087
    208596    494969
    208601    775031
    208633    904122
    208646    848739
    208718    796828
    208727    783154
    208763    782434
    208765    843010
    208786    798142
    208804    826407
    208806    886945
    208825    792186
    208830    844631
    208855    897230
    208856    836851
    208868    885318
    208873    879020
    208890    817510
    208895    896435
    208928    795708
    208942    815943
    208953    784150
    208987    852174
    209004    778323
    209018    878705
    209039    884456
    209044    792871
    209050    862534
    209092    781325
    209109    811359
    209112    827956
    209127    791873
    209176    903984
    209188    787507
    209192    792990
    209193    863592
    209222    903261
    209227    842623
    209236    896421
    209286    903505
    209290    822871
    209343    908761
    209359    770303
    209378    805307
    209387    887988
    209390    882623
    209392    903767
    209411    875616
    209420    799438
    209449    866628
    209453    856840
    209467    769368
    209492    760156
    209518    791117
    209537    793111
    209574    873907
    209593    899763
    209612    896614
    209649    808640
    209661    885978
    209682    804287
    209690    897186
    209701    852755
    209736    881230
    209781    793266
    209793    867752
    209804    786529
    209843    894829
    209873    889787
    209877    782435
    209881    873928
    209887    834983
    209896    837461
    209930    796488
    209933    782137
    209935    782730
    209938    804448
    209974    853572
    210014    513376
    210014    806852
    210031    793226
    210035    885826
    210058    794608
    210067    849054
    210079    805179
    210100    798479
    210129    805892
    210141    891202
    210149    907022
    210161    809458
    210172    785699
    210202    873583
    210211    880018
    210221    773339
    210249    883612
    210273    889062
    210289    797360
    210297    792397
    210305    801490
    210319    784323
    210325    637432
    210329    794870
    210331    880366
    210352    867346
    210358    873301
    210380    883551
    210390    778564
    210397    860535
    210452    794988
    210460    873983
    210489    779370
    210512    778453
    210536    865536
    210546    777638
    210578    769667
    210610    835703
    210612    794826
    210625    907625
    210626    865610
    210695    907080
    210745    864235
    210763    897930
    210809    796328
    210823    812868
    210827    818681
    210829    816978
    210888    812737
    210895    801453
    210932    862306
    210944    780575
    210951    851604
    210957    882604
    210957    798185
    210970    796188
    210977    806215
    210985    800183
    211012    871668
    211023    790109
    211038    476596
    211074    812954
    211096    877006
    211104    875836
    211106    877390
    211110    756146
    211127    795197
    211135    896481
    211146    797632
    211160    859870
    211163    822039
    211164    792021
    211181    900387
    211202    809084
    211229    819110
    211253    785299
    211266    780292
    211278    865137
    211280    795820
    211294    866736
    211321    866286
    211365    786078
    211373    870049
    211374    807144
    211379    852758
    211382    824573
    211384    474621
    211393    814791
    211456    852949
    211492    881714
    211541    804959
    211560    790164
    211560    793741
    211569    910274
    211596    811175
    211641    855607
    211670    796366
    211682    796686
    211685    880876
    211705    872108
    211707    825456
    211721    809129
    211724    807248
    211775    890436
    211781    801861
    211827    893230
    211834    771147
    211836    790720
    211865    777836
    211872    799894
    211887    800692
    211905    889839
    211920    863655
    211947    920812
    211950    889614
    211950    861263
    212026    858679
    212049    860478
    212057    789819
    212095    778567
    212097    791978
    212142    789564
    212160    778023
    212169    816579
    212172    811924
    212188    790527
    212213    764063
    212216    809812
    212218    798345
    212222    813593
    212229    800186
    212264    784657
    212298    887183
    212311    762154
    212311    886458
    212319    888390
    212325    801132
    212339    884577
    212346    910213
    212368    787901
    212386    764546
    212386    794586
    212390    850629
    212415    857976
    212429    805230
    212430    824487
    212450    863935
    212450    890090
    212495    772299
    212497    865910
    212510    786374
    212530    863652
    212544    808714
    212544    781813
    212554    821195
    212561    857959
    212591    813386
    212618    487182
    212685    761385
    212701    763126
    212709    799770
    212771    809141
    212773    798261
    212783    805467
    212783    878440
    212785    870184
    212835    798436
    212855    903098
    212858    885273
    212879    896580
    212890    867915
    212892    870474
    212893    767336
    212905    774768
    212925    854481
    212943    782121
    212943    775955
    212959    773578
    212977    509237
    212987    902115
    212996    858345
    213003    875412
    213011    752956
    213039    800785
    213062    807091
    213083    776852
    213092    782425
    213101    836887
    213139    809743
    213201    863195
    213211    793327
    213220    802438
    213230    862106
    213239    789517
    213263    809951
    213279    895040
    213314    887255
    213315    803388
    213341    817607
    213364    765242
    213389    784376
    213401    808337
    213414    870624
    213437    828370
    213476    797077
    213519    814261
    213566    797050
    213592    794977
    213598    865927
    213649    794621
    213651    785687
    213673    804931
    213680    870534
    213697    862772
    213698    828327
    213702    779752
    213740    821922
    213751    773755
    213757    793565
    213793    786831
    213805    791472
    213843    789243
    213846    796658
    213847    899758
    213848    875816
    213860    893992
    213903    807688
    213948    868664
    213957    785112
    213957    765587
    213966    797724
    213983    882328
    213998    846726
    214033    875033
    214080    785334
    214095    798144
    214107    790278
    214139    817463
    214163    813239
    214178    867125
    214195    772729
    214220    776123
    214246    855434
    214260    805714
    214273    859057
    214292    878854
    214297    804527
    214310    893105
    214316    794751
    214320    822907
    214330    801569
    214348    861331
    214358    862230
    214375    792750
    214390    775492
    214402    864359
    214431    811456
    214440    789484
    214459    804602
    214485    810831
    214497    837407
    214511    777488
    214514    909553
    214516    788247
    214524    781906
    214542    765277
    214564    778254
    214596    909668
    214614    819086
    214645    800221
    214656    790495
    214660    800033
    214663    861727
    214663    507605
    214664    835772
    214672    797065
    214690    784451
    214717    844553
    214718    873447
    214731    852366
    214765    757002
    214828    785518
    214844    791512
    214846    862463
    214851    890936
    214874    817463
    214877    775665
    214882    789885
    214888    879737
    214913    843504
    214914    811789
    214915    793788
    214968    765685
    215007    864582
    215029    873684
    215032    789140
    215051    817340
    215078    775461
    215086    795170
    215095    795078
    215095    882486
    215142    777835
    215148    852506
    215175    792950
    215195    854462
    215204    800474
    215205    802753
    215224    792572
    215225    864444
    215237    765140
    215246    860564
    215289    802432
    215299    915724
    215310    795563
    215320    768463
    215378    784091
    215394    815529
    215396    775284
    215447    796446
    215459    777329
    215471    873766
    215476    874361
    215480    775098
    215487    811446
    215500    811623
    215523    824907
    215532    873993
    215563    817263
    215565    768698
    215583    883486
    215607    786078
    215622    797417
    215631    768774
    215660    794071
    215734    848109
    215749    798661
    215753    814564
    215756    783671
    215763    860044
    215764    829976
    215795    807867
    215806    515759
    215814    814253
    215820    792542
    215833    865058
    215897    786507
    215901    780645
    215909    793968
    215914    890755
    215921    888218
    215927    791512
    215928    782557
    215936    872636
    215951    844257
    216083    458983
    216096    836976
    216120    888109
    216128    787180
    216149    792350
    216168    768871
    216180    838023
    216198    793842
    216199    873648
    216257    801428
    216308    890058
    216342    877372
    216369    812165
    216369    878065
    216371    806853
    216410    847667
    216411    787525
    216431    812135
    216442    902089
    216461    770847
    216474    791799
    216502    877312
    216503    783319
    216517    780750
    216538    789607
    216579    801166
    216587    815020
    216589    858936
    216611    810519
    216637    895349
    216638    771631
    216753    887590
    216760    826281
    216762    786720
    216776    872938
    216800    892201
    216802    765413
    216806    836327
    216823    859501
    216843    860812
    216859    785522
    216903    811117
    216933    788385
    216983    790366
    217002    783661
    217025    797556
    217086    786026
    217108    783143
    217112    845262
    217123    788741
    217132    786442
    217142    862691
    217169    907864
    217212    789685
    217274    775556
    217275    797934
    217289    859767
    217289    815806
    217309    820366
    217332    870789
    217336    795254
    217363    799968
    217366    800129
    217376    860779
    217402    855646
    217419    861541
    217509    848292
    217511    786207
    217520    853825
    217523    821619
    217567    793989
    217574    749139
    217643    790498
    217666    804958
    217713    888020
    217713    855291
    217773    834304
    217781    861620
    217793    779269
    217822    799220
    217833    836894
    217878    875047
    217889    811640
    217914    796394
    217957    809891
    217961    868196
    217967    790810
    218003    878897
    218019    803885
    218022    784643
    218039    892388
    218056    879682
    218125    805563
    218207    828599
    218213    887497
    218241    793607
    218245    769219
    218325    792221
    218344    799019
    218349    786629
    218371    783563
    218423    791644
    218443    891080
    218528    868129
    218529    789996
    218535    790942
    218553    784451
    218578    888547
    218602    785077
    218607    804881
    218620    789955
    218632    856790
    218654    787577
    218671    806724
    218671    798051
    218690    802087
    218756    822392
    218763    806264
    218766    818869
    218772    859934
    218774    879933
    218784    785807
    218792    804639
    218799    848741
    218802    491240
    218812    490116
    218826    777913
    218829    802402
    218854    787754
    218875    461902
    218904    776809
    218918    796670
    218950    812057
    218952    803312
    218990    781308
    219009    885085
    219016    782005
    219055    799653
    219058    884881
    219077    836101
    219091    500580
    219094    807812
    219099    898573
    219118    800733
    219149    746331
    219177    749869
    219192    807649
    219195    822616
    219197    898951
    219231    864560
    219243    817841
    219270    910080
    219319    781870
    219335    818869
    219383    790651
    219387    822628
    219391    802873
    219428    859332
    219428    803996
    219491    904107
    219516    811473
    219532    776012
    219533    794780
    219568    796743
    219572    862281
    219574    873962
    219574    807519
    219591    873520
    219596    793713
    219600    786135
    219608    761368
    219635    882643
    219661    797930
    219681    798924
    219687    893546
    219691    770917
    219697    789786
    219704    785165
    219705    879313
    219716    789895
    219723    799018
    219728    894530
    219759    780599
    219772    790117
    219808    768689
    219840    801549
    219855    801675
    219871    758718
    219898    790303
    219902    820797
    219905    813421
    219906    233418
    219908    786463
    219944    775063
    219945    879818
    219963    879244
    220001    780667
    220050    871453
    220072    892001
    220088    786470
    220089    234676
    220110    870035
    220140    869322
    220151    916961
    220160    789356
    220175    785755
    220177    862834
    220184    234518
    220189    234437
    220203    777543
    220205    874377
    220205    872020
    220210    782509
    220223    234030
    220224    780986
    220225    774714
    220227    874644
    220233    873695
    220250    850775
    220299    234597
    220300    233617
    220305    233542
    220306    234566
    220316    815749
    220317    775606
    220318    880963
    220331    790025
    220338    234112
    220339    233770
    220351    234370
    220356    234561
    220366    235005
    220395    234113
    220404    234375
    220405    234454
    220414    818092
    220418    234543
    220419    233812
    220423    234885
    220425    233608
    220425    234229
    220427    234163
    220432    234042
    220439    233938
    220441    234566
    220451    234943
    220469    233750
    220472    233899
    220480    884568
    220488    234768
    220491    233823
    220494    234705
    220504    234716
    220518    233597
    220521    785789
    220530    234862
    220530    795898
    220541    234640
    220552    233850
    220554    234786
    220559    234135
    220559    778402
    220561    234030
    220564    234416
    220568    234203
    220571    233679
    220572    234094
    220581    873839
    220583    233700
    220585    233893
    220589    233334
    220605    234396
    220609    235774
    220620    234015
    220625    234362
    220627    234799
    220628    233664
    220634    233516
    220636    234343
    220637    234438
    220639    234231
    220642    234415
    220643    233105
    220646    234387
    220646    234544
    220651    234611
    220653    789496
    220653    234468
    220654    234223
    220654    823737
    220656    233740
    220658    234690
    220659    234089
    220660    233955
    220661    233746
    220662    880496
    220664    234243
    220666    234222
    220668    234460
    220670    234107
    220677    233701
    220683    234580
    220685    873692
    220686    233436
    220688    234459
    220689    233742
    220690    233834
    220690    235122
    220693    233832
    220695    861756
    220695    234886
    220695    233609
    220695    234121
    220697    234199
    220705    234620
    220707    234002
    220708    235119
    220710    233890
    220712    234040
    220712    234768
    220716    234182
    220717    233734
    220722    234817
    220726    234290
    220727    234312
    220727    888098
    220729    233829
    220732    233842
    220733    233802
    220736    235050
    220739    234037
    220740    234133
    220743    234555
    220743    234313
    220744    234445
    220746    233700
    220750    234604
    220753    232938
    220753    234175
    220755    234403
    220757    233455
    220759    783575
    220760    823889
    220760    234100
    220762    233995
    220767    234125
    220772    234445
    220774    233132
    220776    234350
    220777    234353
    220781    233486
    220786    233751
    220790    234614
    220792    233628
    220794    235084
    220794    233788
    220795    233998
    220796    234414
    220798    234660
    220801    234153
    220801    233852
    220802    234722
    220807    233330
    220808    233650
    220808    234156
    220812    866311
    220816    233335
    220816    233611
    220817    233923
    220819    234221
    220822    233610
    220822    234073
    220823    234515
    220827    235312
    220830    234730
    220836    235264
    220836    233838
    220836    234505
    220838    233515
    220838    865031
    220839    234002
    220842    234365
    220844    234214
    220845    234011
    220846    233639
    220846    234811
    220849    234746
    220854    234210
    220858    234386
    220859    233661
    220859    233673
    220861    234386
    220866    233870
    220866    776775
    220870    234298
    220871    234032
    220871    233700
    220872    235028
    220874    234212
    220875    234570
    220880    234409
    220881    234623
    220883    234184
    220886    233545
    220887    234382
    220887    234157
    220888    234314
    220892    233959
    220894    234420
    220895    234440
    220902    234502
    220902    233973
    220903    233320
    220905    234630
    220907    233876
    220908    234315
    220908    234265
    220909    234264
    220913    234253
    220913    234073
    220917    234784
    220918    233780
    220920    234231
    220921    233743
    220923    234071
    220927    233720
    220928    234041
    220929    234433
    220933    233367
    220934    234949
    220935    234286
    220937    234004
    220937    234205
    220939    825856
    220940    234210
    220941    234215
    220942    234723
    220943    233639
    220943    233953
    220944    233677
    220950    234393
    220953    233964
    220954    234698
    220955    234055
    220956    234525
    220956    234463
    220959    234830
    220960    233784
    220960    234039
    220961    234244
    220963    805448
    220967    234693
    220968    234161
    220968    234545
    220971    234348
    220971    233432
    220972    235064
    220973    234584
    220978    233226
    220978    234795
    220978    234401
    220979    234726
    220985    234087
    220985    234178
    220985    235231
    220985    234538
    220986    234164
    220987    233880
    220988    234015
    220989    233750
    220991    234400
    220991    234289
    220991    234585
    220993    234370
    220999    234273
    221000    234765
    221002    786409
    221002    813700
    221003    234353
    221006    233515
    221006    234306
    221009    827320
    221012    234034
    221014    233584
    221019    234166
    221022    234269
    221026    233584
    221029    234108
    221032    234146
    221033    233776
    221034    234601
    221035    784735
    221036    234676
    221036    233949
    221038    233792
    221039    234888
    221040    234546
    221042    824885
    221047    235227
    221047    234319
    221048    803610
    221048    233787
    221050    234340
    221051    234805
    221052    233772
    221052    234079
    221053    234394
    221053    235410
    221054    233597
    221056    234423
    221056    235137
    221058    234350
    221059    235000
    221060    234682
    221062    234373
    221062    235399
    221064    234645
    221066    233661
    221067    233743
    221070    235169
    221071    234113
    221071    233952
    221072    234602
    221075    234112
    221078    233521
    221080    847624
    221081    234087
    221081    234802
    221082    234400
    221084    233914
    221085    234612
    221085    233699
    221086    847552
    221088    234386
    221090    233876
    221091    234028
    221093    234102
    221093    234084
    221093    233762
    221094    854759
    221096    234719
    221099    234136
    221100    234178
    221101    234107
    221102    233950
    221103    233607
    221105    234326
    221105    234873
    221107    234156
    221107    234427
    221108    233980
    221108    233123
    221110    234556
    221110    756545
    221111    233765
    221118    234096
    221118    233151
    221119    233700
    221119    233293
    221120    233312
    221122    234607
    221122    234371
    221122    233858
    221123    234984
    221124    234741
    221125    234286
    221125    233988
    221128    234622
    221130    233898
    221132    233699
    221132    234193
    221133    233911
    221133    234660
    221135    234000
    221136    234300
    221137    233788
    221137    234508
    221138    234399
    221138    234325
    221141    235232
    221143    234666
    221144    234486
    221145    233852
    221150    234584
    221151    234376
    221154    234524
    221155    234175
    221156    233824
    221158    235179
    221160    234234
    221161    234701
    221165    234918
    221165    234412
    221166    234538
    221166    234298
    221166    234472
    221168    233529
    221170    233777
    221171    512308
    221172    233665
    221173    234256
    221175    234044
    221176    233794
    221181    234383
    221182    234582
    221183    233523
    221183    233602
    221184    234006
    221191    234521
    221192    233998
    221193    234315
    221195    234299
    221196    233766
    221196    234264
    221197    234601
    221197    233977
    221198    233933
    221198    233983
    221201    234947
    221206    878366
    221206    235003
    221206    233608
    221211    233929
    221212    884621
    221212    233243
    221214    234072
    221214    235162
    221214    234344
    221216    233689
    221217    234584
    221217    234183
    221221    234055
    221223    234953
    221224    234271
    221224    233873
    221224    234127
    221226    233789
    221229    233790
    221229    234535
    221232    233661
    221234    234366
    221235    233646
    221236    233881
    221240    234870
    221240    234602
    221244    234293
    221245    234215
    221246    234222
    221247    234489
    221250    233805
    221251    234142
    221253    233817
    221253    234927
    221254    234001
    221254    801541
    221254    234718
    221255    235055
    221256    235009
    221256    234002
    221256    234476
    221261    234985
    221265    234999
    221265    234654
    221268    234202
    221268    794680
    221271    234245
    221271    233685
    221272    234027
    221274    234143
    221280    862293
    221281    808338
    221281    234402
    221281    796942
    221281    233966
    221282    233930
    221282    234748
    221283    234023
    221284    233534
    221285    232905
    221285    234266
    221287    233352
    221287    234452
    221293    234325
    221294    233518
    221295    233436
    221295    234494
    221296    233939
    221296    234001
    221298    234189
    221299    233624
    221300    234360
    221300    234115
    221303    233832
    221305    233800
    221305    776086
    221306    234283
    221308    233893
    221309    234682
    221311    234686
    221311    234231
    221311    233919
    221312    233647
    221313    234980
    221313    233582
    221317    234280
    221319    235012
    221320    233971
    221321    234166
    221323    234213
    221324    234616
    221324    234803
    221325    233703
    221326    234220
    221326    233848
    221328    234222
    221328    234843
    221329    233003
    221330    234281
    221330    234293
    221331    234305
    221332    234366
    221332    233456
    221334    234160
    221335    234491
    221335    233625
    221335    235112
    221336    233802
    221337    797255
    221337    234499
    221340    233533
    221341    234796
    221343    233318
    221345    233657
    221346    233745
    221346    234097
    221346    233983
    221347    234010
    221348    235131
    221349    233868
    221349    234262
    221349    233612
    221350    234615
    221353    234605
    221354    233103
    221354    234723
    221355    233428
    221356    234593
    221357    234292
    221357    233394
    221358    234099
    221358    875019
    221362    233677
    221364    234503
    221364    233331
    221371    233981
    221371    233494
    221371    868772
    221373    233712
    221374    234798
    221375    234652
    221376    234816
    221378    234247
    221378    233729
    221380    234048
    221383    235403
    221386    233905
    221387    234512
    221389    235217
    221390    235100
    221391    234306
    221391    234207
    221393    233083
    221393    234380
    221394    234753
    221394    234978
    221395    233798
    221395    233937
    221396    233667
    221397    234431
    221398    234110
    221399    234656
    221401    234423
    221401    234488
    221402    234389
    221403    788256
    221403    234312
    221404    234388
    221406    233651
    221406    234008
    221408    234331
    221408    234533
    221409    800593
    221409    235128
    221410    786426
    221414    234633
    221415    234782
    221415    233906
    221415    234129
    221416    233827
    221416    234394
    221417    233896
    221417    234894
    221418    234944
    221419    233890
    221419    233492
    221421    234379
    221421    233707
    221421    234083
    221422    234604
    221422    233251
    221424    234587
    221424    234344
    221424    234179
    221425    233825
    221427    234115
    221428    233836
    221430    234429
    221431    234678
    221432    234608
    221434    233569
    221435    233968
    221435    233931
    221435    234685
    221437    234097
    221438    233117
    221439    234085
    221439    234228
    221441    234403
    221443    233885
    221445    234222
    221446    233982
    221447    233913
    221447    233886
    221447    233674
    221448    234818
    221449    234289
    221452    233544
    221453    233997
    221456    233746
    221458    234144
    221459    234083
    221460    233590
    221461    233669
    221464    234172
    221466    233886
    221468    234059
    221469    234915
    221469    234158
    221471    865616
    221471    233444
    221472    233839
    221473    869033
    221473    234283
    221479    233261
    221479    233835
    221482    233644
    221485    234165
    221486    864788
    221487    234615
    221487    234392
    221488    234279
    221490    234558
    221491    234699
    221494    822518
    221494    234207
    221495    234609
    221498    234079
    221502    234064
    221503    234367
    221504    234290
    221504    234135
    221506    235303
    221507    233266
    221508    233868
    221510    233758
    221511    234597
    221511    234165
    221512    234533
    221514    234661
    221514    234269
    221515    233924
    221515    233962
    221516    234259
    221516    233975
    221517    234468
    221518    233978
    221520    819431
    221523    234043
    221524    235365
    221525    233960
    221526    234382
    221526    234097
    221526    784864
    221526    791267
    221527    234155
    221527    235250
    221527    234159
    221531    234072
    221531    234676
    221531    234456
    221533    234248
    221533    796343
    221534    233925
    221535    234564
    221537    234738
    221542    233779
    221543    234502
    221545    233864
    221545    233799
    221550    234678
    221552    234394
    221555    234571
    221558    233934
    221558    233454
    221558    234587
    221560    233940
    221560    234245
    221562    235281
    221564    234300
    221564    233703
    221567    234237
    221567    234601
    221568    234320
    221569    234359
    221571    233555
    221571    234524
    221571    233878
    221572    234508
    221573    234756
    221573    233772
    221576    233949
    221577    234413
    221578    233657
    221579    234308
    221580    234791
    221580    233902
    221580    234673
    221581    234575
    221582    234199
    221582    235395
    221583    234547
    221584    234613
    221584    234627
    221585    234058
    221586    234325
    221587    234565
    221587    234554
    221589    233667
    221590    833075
    221594    233986
    221594    235176
    221600    233333
    221601    234471
    221601    234102
    221602    234406
    221602    233961
    221604    233316
    221604    233649
    221607    234003
    221607    234347
    221607    235210
    221610    233667
    221611    233416
    221611    233319
    221612    865104
    221623    234808
    221624    233529
    221626    233329
    221627    234728
    221628    234353
    221629    233996
    221630    878865
    221630    233664
    221631    233827
    221632    234349
    221633    234742
    221635    234430
    221635    774965
    221637    234535
    221638    234401
    221638    234332
    221640    233615
    221641    234200
    221643    234130
    221644    234654
    221644    233886
    221645    233240
    221645    233905
    221648    234734
    221649    234043
    221650    234116
    221650    235013
    221651    235007
    221653    234158
    221653    234909
    221654    234666
    221654    787578
    221664    233646
    221665    234691
    221665    233664
    221665    235259
    221666    234006
    221667    234357
    221669    234170
    221673    234002
    221673    233911
    221674    234192
    221674    233982
    221675    234349
    221677    234416
    221679    234767
    221683    233985
    221685    234968
    221685    235060
    221686    234038
    221686    234021
    221687    818708
    221687    233937
    221691    235461
    221695    234748
    221695    234328
    221696    234118
    221698    233576
    221699    235093
    221700    234331
    221701    234374
    221702    234742
    221702    234188
    221703    235157
    221706    233780
    221709    233564
    221710    233719
    221712    234235
    221712    234053
    221713    233488
    221713    234406
    221714    234624
    221718    233984
    221719    234979
    221720    234826
    221720    234074
    221724    233717
    221726    235109
    221727    234164
    221730    234129
    221733    235185
    221738    234310
    221739    233461
    221740    234362
    221741    234131
    221742    234661
    221745    234419
    221745    234673
    221745    234127
    221747    234171
    221750    234477
    221753    233649
    221753    234252
    221754    234633
    221754    233240
    221755    234043
    221760    234814
    221761    233866
    221761    234020
    221765    870577
    221766    234440
    221767    233790
    221769    234062
    221769    234158
    221769    233826
    221772    234319
    221772    233765
    221773    234315
    221776    234497
    221778    234559
    221781    775340
    221782    234630
    221783    234178
    221783    233970
    221786    235024
    221790    234008
    221791    740997
    221796    234615
    221796    799027
    221799    234099
    221803    233572
    221806    782361
    221810    234141
    221815    233452
    221815    233652
    221819    234960
    221821    234856
    221826    234939
    221826    234336
    221827    234354
    221832    233360
    221834    232947
    221834    234742
    221839    795134
    221839    233430
    221839    912782
    221840    234066
    221845    234134
    221846    233831
    221852    233978
    221853    234348
    221855    233994
    221863    233902
    221867    234279
    221871    233577
    221871    234382
    221872    234035
    221873    234399
    221875    234561
    221876    234414
    221876    234162
    221878    234717
    221879    803919
    221880    234194
    221881    234648
    221881    233968
    221886    234650
    221886    234110
    221888    233936
    221889    234644
    221896    234637
    221900    234253
    221906    234232
    221909    234269
    221909    235121
    221911    234246
    221913    234253
    221914    235138
    221914    233844
    221915    786987
    221916    234522
    221918    234328
    221919    233845
    221920    234703
    221921    234331
    221922    235252
    221923    233376
    221924    234733
    221925    234448
    221926    234290
    221927    234525
    221929    234627
    221929    234097
    221931    234280
    221933    235300
    221936    233933
    221936    233941
    221940    234902
    221940    234111
    221944    233890
    221950    234753
    221950    234628
    221950    234007
    221952    234684
    221956    233912
    221957    233567
    221958    233505
    221959    234222
    221966    233936
    221972    234130
    221972    234408
    221972    234566
    221987    234503
    221989    233809
    221993    233479
    221995    233958
    221999    235281
    222005    234485
    222007    234540
    222009    233486
    222013    234835
    222014    824156
    222020    791048
    222021    234645
    222033    234422
    222034    234105
    222035    234389
    222035    791755
    222036    235539
    222036    233516
    222038    234871
    222038    775779
    222041    234239
    222041    234027
    222042    234802
    222042    234187
    222048    510973
    222059    233624
    222062    233927
    222068    235099
    222070    233923
    222077    234198
    222077    233796
    222082    234221
    222082    233898
    222086    791286
    222089    233864
    222089    774312
    222099    233897
    222102    234075
    222105    234368
    222109    234184
    222119    234719
    222120    862784
    222121    234305
    222125    234450
    222125    234664
    222137    234372
    222144    234015
    222145    609052
    222146    879829
    222148    234094
    222152    234782
    222162    233971
    222164    234004
    222164    234583
    222170    234252
    222178    233609
    222179    234756
    222184    234226
    222194    234612
    222203    234077
    222207    233922
    222209    795778
    222212    234598
    222216    233017
    222220    812886
    222224    234208
    222228    234647
    222230    234758
    222230    234429
    222239    233802
    222242    840095
    222242    234021
    222243    816020
    222252    234008
    222256    886909
    222259    234773
    222268    233882
    222272    234561
    222289    789538
    222291    234005
    222293    234291
    222298    233460
    222298    234234
    222299    864834
    222301    234343
    222322    233835
    222332    233406
    222334    234032
    222350    234283
    222351    234393
    222354    780388
    222384    772107
    222386    852772
    222401    814034
    222424    234092
    222430    234032
    222446    233879
    222449    782161
    222466    790393
    222485    738166
    222494    233850
    222511    864494
    222523    234089
    222529    789639
    222539    767866
    222539    233465
    222574    817871
    222602    790788
    222603    233587
    222629    233959
    222636    234198
    222640    803084
    222647    800405
    222654    816502
    222686    234176
    222693    234936
    222715    795230
    222745    895246
    222852    863858
    222857    856577
    222867    823746
    222878    801368
    222886    234396
    222914    860737
    222928    809617
    222939    813121
    222976    777634
    223002    878190
    223003    777643
    223084    833953
    223092    792064
    223170    802475
    223177    803917
    223183    511067
    223196    784464
    223235    804604
    223272    775704
    223305    824884
    223313    521608
    223364    882967
    223387    805175
    223443    889587
    223477    815563
    223484    761866
    223493    879245
    223525    795723
    223563    803424
    223582    510040
    223624    786834
    223634    864690
    223642    830345
    223644    814290
    223718    879587
    223732    879709
    223742    797848
    223776    775835
    223807    876215
    223817    861270
    223914    897504
    223931    791533
    223959    791918
    223970    795993
    224023    816101
    224028    874763
    224032    784089
    224070    789260
    224103    773770
    224112    799337
    224241    790332
    224300    782992
    224315    803619
    224364    785552
    224375    804820
    224404    808903
    224492    780910
    224507    786408
    224577    469166
    224577    796232
    224586    773366
    224586    816361
    224595    770075
    224632    824856
    224635    774858
    224647    775038
    224688    785488
    224700    788362
    224713    780357
    224724    477431
    224735    804433
    224735    782119
    224757    875562
    224763    796610
    224767    774298
    224822    884519
    224854    479364
    224855    853047
    224892    802869
    224905    862283
    224912    805722
    224912    775726
    224917    796435
    224933    841698
    224936    799952
    224972    873455
    224979    780649
    224988    789051
    225000    824747
    225105    877037
    225117    811265
    225127    808916
    225130    791877
    225135    892735
    225136    492536
    225146    793723
    225148    773019
    225149    892646
    225159    855473
    225173    803783
    225179    876650
    225194    863929
    225208    804946
    225215    839600
    225328    782782
    225329    812401
    225402    775864
    225413    478560
    225435    791893
    225455    777244
    225509    878977
    225523    508648
    225573    495041
    225586    876135
    225587    805610
    225589    777807
    225651    863002
    225691    793112
    225716    776901
    225763    786396
    225830    765752
    225865    776035
    225871    866126
    225885    801082
    225889    845493
    225897    798035
    225991    859888
    225996    791931
    226021    897569
    226055    821020
    226070    790626
    226073    784927
    226123    508030
    226171    791717
    226208    772235
    226332    799260
    226349    887697
    226376    797351
    226383    790598
    226414    763203
    226425    790909
    226462    460717
    226527    798503
    226532    816057
    226554    797065
    226607    859676
    226615    847911
    226636    888618
    226653    441802
    226654    848364
    226662    799340
    226700    866886
    226832    788204
    226883    801686
    226885    795233
    226886    792045
    226890    519349
    226934    790418
    226937    867524
    226947    808042
    227063    796791
    227066    507831
    227067    799441
    227070    772615
    227100    777464
    227109    850554
    227160    779832
    227180    784659
    227197    881259
    227219    789749
    227223    878349
    227287    823716
    227296    774598
    227346    831695
    227350    496982
    227353    842239
    227392    817606
    227401    777776
    227416    861681
    227425    574537
    227430    846679
    227440    876907
    227495    906452
    227579    805978
    227585    799620
    227674    547467
    227700    793874
    227742    800577
    227742    798670
    227763    820174
    227806    772415
    227953    904782
    227961    795431
    227977    801193
    228081    892937
    228182    806275
    228259    789508
    228287    786561
    228404    893602
    228414    778177
    228417    885045
    228469    842549
    228471    791580
    228480    785597
    228483    811965
    228601    778653
    228637    877132
    228703    779451
    228710    796594
    228733    811002
    228747    470554
    228761    777338
    228763    795838
    228792    507861
    228847    805541
    228910    756783
    228926    871175
    228928    878634
    228930    793208
    228948    885034
    228981    492997
    228988    828697
    229068    854064
    229072    780726
    229089    809567
    229195    779428
    229207    801015
    229209    773386
    229218    852566
    229231    782446
    229360    799935
    229459    532588
    229509    861201
    229513    822299
    229693    455555
    229715    850780
    229728    784632
    229785    900597
    229912    857537
    229946    890408
    229978    513594
    229978    516432
    229993    789167
    230011    868540
    230045    775489
    230121    769156
    230231    785140
    230251    795077
    230275    805949
    230296    814392
    230303    807490
    230315    882356
    230395    489200
    230487    792055
    230499    912355
    230500    867279
    230504    765305
    230518    841970
    230543    801768
    230545    806830
    230551    855127
    230583    784539
    230592    856891
    230749    507044
    230753    810522
    230799    885864
    230810    793382
    230840    775286
    230846    799773
    230865    793231
    230925    778325
    230952    868581
    230956    793867
    231027    798251
    231095    785466
    231111    462389
    231138    535315
    231201    792677
    231204    801127
    231303    526936
    231305    513592
    231422    522490
    231515    861917
    231563    541466
    231564    763134
    231598    802371
    231623    782227
    231667    785682
    231674    813946
    231743    463209
    231782    667972
    231835    808352
    231885    786429
    231891    804138
    231911    790207
    231911    798828
    232035    484912
    232042    800808
    232101    875324
    232114    666710
    232141    814266
    232148    774371
    232183    564837
    232206    797694
    232218    792210
    232223    795842
    232339    789960
    232340    797144
    232351    788293
    232355    848665
    232359    472098
    232413    793097
    232451    497667
    232455    798783
    232483    300978
    232507    826076
    232509    526753
    232537    473773
    232634    856505
    232751    865678
    232763    780815
    232810    873351
    232810    810251
    232864    300916
    232909    782148
    233030    301186
    233044    300242
    233052    299895
    233081    300740
    233083    300665
    233098    777848
    233111    300312
    233112    300476
    233129    300389
    233160    300932
    233215    300466
    233221    300462
    233222    300660
    233235    300772
    233239    300882
    233247    301151
    233250    300786
    233254    300464
    233266    300348
    233274    789840
    233277    300349
    233283    300666
    233289    299983
    233295    300743
    233298    300670
    233299    300778
    233300    300351
    233305    300778
    233311    300117
    233321    300664
    233322    300120
    233327    300771
    233331    300644
    233331    300356
    233338    300419
    233339    300177
    233339    300406
    233340    299886
    233340    300256
    233342    300826
    233344    300350
    233344    300848
    233352    300337
    233352    300759
    233354    300121
    233360    798022
    233366    300114
    233366    300872
    233368    300561
    233368    300556
    233376    300528
    233378    300986
    233379    300467
    233380    300185
    233382    300423
    233386    300548
    233387    300224
    233389    300432
    233393    300745
    233396    300878
    233397    300692
    233404    300548
    233405    300623
    233407    300547
    233410    300491
    233410    485173
    233411    300778
    233414    300499
    233415    300211
    233416    300848
    233418    300422
    233421    300783
    233425    521664
    233426    300894
    233426    300295
    233426    300400
    233426    773589
    233427    300395
    233429    300348
    233429    300992
    233431    301115
    233432    811861
    233433    783382
    233435    300446
    233437    300282
    233437    300995
    233439    300327
    233439    790253
    233442    488442
    233442    300715
    233445    300226
    233445    300637
    233445    299869
    233448    301190
    233449    300165
    233450    300267
    233453    300481
    233456    300412
    233457    300566
    233459    300474
    233460    300781
    233465    300221
    233466    300935
    233466    491475
    233466    300614
    233467    300084
    233468    300807
    233469    299734
    233470    300346
    233470    300694
    233470    300913
    233472    300197
    233473    776133
    233474    300427
    233474    300755
    233474    300636
    233475    300490
    233479    300233
    233481    300317
    233484    300798
    233487    300488
    233490    300346
    233490    300569
    233491    784277
    233491    300105
    233492    300335
    233494    300287
    233495    300794
    233498    300585
    233502    300385
    233503    300318
    233503    301038
    233504    300379
    233505    300867
    233510    300327
    233512    300649
    233514    856169
    233519    300110
    233519    300647
    233519    300777
    233519    300595
    233521    300396
    233521    300599
    233521    300437
    233521    301021
    233522    300096
    233522    300577
    233523    300518
    233525    300219
    233526    300899
    233527    300151
    233527    300390
    233531    299727
    233531    454999
    233532    300412
    233532    300348
    233534    300724
    233534    300334
    233540    300734
    233541    300313
    233541    300882
    233542    300784
    233545    300678
    233545    300320
    233546    300284
    233546    300916
    233547    300986
    233549    300510
    233550    300268
    233551    300271
    233552    300764
    233552    300890
    233555    300626
    233558    300483
    233559    300317
    233561    300239
    233561    300317
    233562    300599
    233562    300552
    233564    300307
    233564    300410
    233564    300304
    233566    300145
    233567    299854
    233567    300639
    233567    300191
    233569    300209
    233569    300687
    233575    300421
    233577    300434
    233579    300894
    233579    300540
    233579    300271
    233581    300292
    233584    300872
    233585    300435
    233586    300397
    233586    300306
    233586    300374
    233589    300228
    233590    300300
    233590    299940
    233591    300751
    233594    300143
    233594    300445
    233599    300317
    233601    301339
    233602    301006
    233603    301041
    233604    300719
    233604    300496
    233605    300770
    233606    300221
    233607    300606
    233608    300365
    233609    300844
    233610    300598
    233612    300167
    233612    301063
    233614    300585
    233615    300748
    233616    300263
    233616    300390
    233617    301080
    233618    300615
    233619    300654
    233619    300478
    233621    776230
    233622    300662
    233623    300487
    233625    300477
    233626    300235
    233627    299911
    233628    301178
    233630    300466
    233631    300540
    233632    300627
    233633    300778
    233633    300727
    233633    300725
    233634    300473
    233635    300164
    233635    300440
    233636    300217
    233637    300012
    233637    300654
    233639    300711
    233639    300601
    233640    300858
    233640    300854
    233640    300813
    233641    299949
    233644    300942
    233645    300743
    233646    300422
    233646    300967
    233647    300358
    233649    301048
    233649    300385
    233650    300718
    233650    300864
    233652    300130
    233652    300233
    233653    300783
    233653    300752
    233654    300037
    233654    300299
    233660    300086
    233661    300692
    233661    300111
    233662    300616
    233663    301170
    233666    300576
    233666    300869
    233668    300386
    233668    300863
    233668    876677
    233668    300252
    233669    300291
    233670    300881
    233670    299938
    233671    300623
    233672    300323
    233673    300419
    233673    300469
    233673    300241
    233673    300933
    233673    300714
    233674    300762
    233676    300033
    233677    300385
    233677    300297
    233677    300382
    233677    299856
    233678    300728
    233678    300449
    233679    300397
    233680    300891
    233681    802146
    233682    300234
    233684    300622
    233684    300659
    233685    300520
    233685    300343
    233687    300873
    233689    300871
    233690    300146
    233690    301054
    233690    300390
    233690    300558
    233691    300957
    233691    300439
    233692    300177
    233693    300236
    233693    300593
    233695    300266
    233696    300807
    233696    300267
    233698    300278
    233698    300298
    233699    300852
    233699    300803
    233700    300676
    233700    300445
    233701    300471
    233701    300624
    233703    300577
    233704    300541
    233704    300767
    233704    300717
    233704    300511
    233705    300135
    233706    300630
    233706    300094
    233706    300701
    233708    300945
    233709    300469
    233710    300010
    233712    300699
    233713    300378
    233713    300694
    233713    300831
    233713    300323
    233714    803862
    233715    300580
    233715    300473
    233716    300505
    233716    300585
    233717    300310
    233717    300482
    233719    300400
    233719    300368
    233719    301016
    233723    300547
    233723    300191
    233724    300629
    233724    300612
    233725    300660
    233725    821599
    233726    300685
    233727    300465
    233727    300641
    233728    300509
    233728    300748
    233729    300296
    233731    300677
    233731    300597
    233732    300257
    233733    301089
    233733    300541
    233736    300348
    233736    300394
    233737    300292
    233738    300514
    233738    300551
    233739    300497
    233740    300233
    233742    300154
    233742    300683
    233743    300460
    233743    300677
    233743    300174
    233744    300836
    233746    301095
    233746    300431
    233747    300528
    233750    299981
    233751    300361
    233751    300525
    233752    300908
    233752    300376
    233754    300126
    233754    300254
    233756    300880
    233759    300439
    233760    300326
    233761    300371
    233762    300160
    233764    300727
    233765    300894
    233765    300759
    233765    299890
    233765    300967
    233765    300606
    233765    300518
    233766    300595
    233766    300765
    233766    300429
    233766    299738
    233768    300757
    233769    300811
    233769    301104
    233769    300737
    233769    300500
    233770    300236
    233770    301243
    233771    300308
    233772    300407
    233773    300381
    233774    300436
    233776    300763
    233777    300545
    233778    300369
    233778    300403
    233778    300132
    233780    300400
    233781    300690
    233783    300230
    233784    300792
    233785    300723
    233785    300773
    233785    300935
    233786    300817
    233786    300651
    233786    300212
    233786    300276
    233787    300474
    233787    300593
    233788    300746
    233788    300428
    233788    300900
    233790    300245
    233791    300422
    233791    300290
    233792    300826
    233792    300278
    233793    300748
    233794    300363
    233794    300806
    233796    300417
    233797    300549
    233797    300472
    233797    300618
    233798    300246
    233798    300358
    233800    300632
    233802    300966
    233805    300558
    233805    300226
    233806    300303
    233806    300440
    233807    300996
    233808    300587
    233808    300437
    233808    300174
    233808    300435
    233809    301020
    233809    300055
    233810    300847
    233810    300982
    233811    300344
    233811    300150
    233811    300299
    233812    300694
    233812    300786
    233813    300554
    233813    779570
    233813    300762
    233814    300446
    233814    300454
    233815    300261
    233815    300556
    233816    300832
    233816    300985
    233818    300670
    233819    300680
    233820    300517
    233821    301134
    233822    300654
    233822    300860
    233822    300817
    233824    300795
    233824    801325
    233824    300625
    233825    300341
    233825    300691
    233827    300313
    233828    300693
    233829    300925
    233830    300335
    233831    300572
    233833    300395
    233834    300330
    233834    300068
    233834    300472
    233834    300383
    233834    300281
    233835    300446
    233836    300646
    233841    300176
    233841    300372
    233842    765478
    233843    300154
    233844    300361
    233844    300091
    233844    300299
    233847    300796
    233847    300473
    233847    300742
    233848    300737
    233848    300740
    233848    300815
    233849    300654
    233849    300382
    233850    300133
    233851    300908
    233851    300467
    233851    300649
    233851    300469
    233853    300555
    233853    300532
    233854    300374
    233855    300260
    233855    300560
    233855    300663
    233855    301135
    233857    299937
    233857    301033
    233857    300501
    233858    300394
    233859    300273
    233860    299883
    233862    300328
    233862    300213
    233862    300515
    233862    300363
    233865    300167
    233865    300857
    233865    300372
    233867    300418
    233867    300480
    233868    300734
    233868    300916
    233868    300443
    233870    300353
    233871    300053
    233871    300193
    233872    300127
    233872    300963
    233873    300548
    233874    300579
    233874    783674
    233875    300671
    233877    300691
    233877    300832
    233877    300092
    233879    300116
    233880    300116
    233880    300803
    233881    300536
    233881    300096
    233882    300982
    233882    300763
    233882    301073
    233882    300508
    233883    300350
    233883    300243
    233883    300402
    233885    300474
    233885    300016
    233885    300715
    233885    300250
    233886    300773
    233887    300672
    233887    300550
    233888    300610
    233888    300466
    233889    300209
    233889    300515
    233889    300259
    233890    300522
    233890    300428
    233890    301040
    233892    301215
    233892    300783
    233894    300591
    233894    300785
    233894    300396
    233894    300097
    233900    300623
    233900    300233
    233901    300982
    233905    300325
    233905    300854
    233906    300915
    233907    300519
    233907    300529
    233907    299838
    233908    300452
    233909    300653
    233910    300714
    233910    300889
    233910    300783
    233911    300386
    233911    300498
    233913    300320
    233914    300310
    233915    300244
    233915    300349
    233916    300536
    233919    300337
    233920    300107
    233921    300839
    233921    300904
    233924    300368
    233924    300410
    233924    300415
    233924    300315
    233925    300735
    233926    300456
    233926    300305
    233927    300989
    233927    300298
    233927    300691
    233927    300354
    233929    300732
    233929    301175
    233929    300600
    233930    300251
    233931    300430
    233931    300429
    233932    300510
    233932    300430
    233933    300481
    233933    300189
    233934    300430
    233934    300446
    233934    300812
    233934    300342
    233935    300258
    233935    300749
    233936    300158
    233936    300401
    233936    300693
    233938    300514
    233938    300505
    233939    300873
    233941    300196
    233941    300341
    233942    300357
    233942    300554
    233943    300741
    233943    299817
    233944    300621
    233944    300521
    233945    300539
    233945    300753
    233947    300034
    233948    781049
    233948    300027
    233949    300373
    233949    300566
    233950    300915
    233950    300562
    233950    300200
    233951    300445
    233952    300749
    233952    300780
    233952    300191
    233953    300691
    233953    300571
    233954    300495
    233956    784569
    233958    300309
    233959    300679
    233960    300680
    233961    300789
    233961    300581
    233961    300984
    233962    300021
    233963    300289
    233964    300685
    233965    301066
    233965    300472
    233965    300601
    233966    300978
    233968    300941
    233969    300419
